536

Irmcm 14, 6.
{ryme 6711011 13, 0.
1ν170110106711νοι 403, 00.
1801100010 400, 3,
100116000ον 171611ον 146, 9
1070017010116ν 400, 4.
30767110ον 141, 15.
16107736νο1 γυναῖκα 111, 0. 103,
10. 1099. 161, 11. 191, 7.
1610717161 305, 17.
01014οφ0077104530,2 18.
36σ1036146101ς4604 00..
1107016110 403, 03.
1117001116 401, 01.
111111 11 1111111 51. 1· 35⁶, ιο·
ημικυων 090, 0.
311ἒῖ3133683·
1006111131, ’111107 1101.
³ 60νὴ 13, 0. 109, 15· 101, 8. 013
1.1101,· 10· , .
6114107101 1060111100 3111 10 010-
1160663171, 111... 51, ιο. 7⁵»
14.306,01.406,14. 3110111101
710710016711101 64, 00. cim
1101717 βουλόμενος 70, 5.
61066300101400, 3. 9 401, 3.
&efflagitabat 400, 4. 400, 17.
04710 91,9. 107, 5.

1100107110 7011 6000711301 030, 8

των μνησιρων 404, 03.
1100111114 00, 0.

31ον6010101· 398, 0.
4001006104 100, 0.

10ον 405, 0.

0106661ον 100, 0. 146, 13.
'‘3123““1 ’.ζ”.ἓί
66101111ιῖ436 15.
11071171011661611111110 90, 5.
0000ον101106ν 401, 01.

κανόνες 111 16ν 171ον Δο714101ον

140, 4.

. 1101111·

 

ΙΝΒΕΧ

1111101111ιῶ1 5610. 000, 1.
1101000670 146, 13.
1101001176(1)61ον 041, 11.
mmmm 104, 15. 401, 7.
3613363333
, .
1111116171 110, 3. 104, 18. 105, 5.
, 106, 7. 8. 11.
0100101161111109, 10.
0117016110ον 115, 15. 135, 00391.
1 .
0116000ιῆ00 41, 1.
κοκκινοχρύσας 183, 17.
1107110111ον 400, 10. 15-
19. 403, 6. 17.
1101171101ιέ6 400, 3.
11006061110185, 16.

1113 11·

11010ος 084, 01.

11111410 405, 17. 409, 10.

1061101111ον 401, 18.

peraeta 011 111. 1. 1.

7101007301410801 04817.

71010011711016001 8101141 σου 70-
mmmm 3. 16 11011101 000
031, 00.

7161100157,10.96, 10. 108, 3.
01511 εἰς 71611001 73, ι. 040, 13.
06, .

7101071161 111ομ607000 019, 10.

0111010010 003, 19.

71106131νο73, 14.

7110111161 418, οο.

μεσάζων 000, 00. 030 17.

7110001111ον 6901111ον 004, 14.

7110111116ν 401, 01.

71110710111110 71, 11.

7111041011116ν400, 4.

μηνιατικόν“400, 4.

310001106000101 117, 6. 16.

7111010101001039, 11. 053, 8

710010013711710196, 10. 073, 00.

133138 132: 2:

ξ1116111801050, 0..

31611111 401, 13.

6011714 400, 1.

ἐξ 60806 1061913. 7

60111μο111111104νης 38700. 60- j
1107101114νᾶ7691701713,10.395,6.

0101 1101070011 , .

