GRAMMATICUS.

παιδιόθεν 15, 11. 144, 19. 111,
19. 111, 5.

παμμέγεθος 111, 1.

1111169119911111, 9

11111411 411, 18. 411, 5.

11111111961111176, 8.

1:3510222⁹“.;²⁴’ ¹⁵·

, .

111191666111114, 8.

παχισιικόν 411, 11.

ἦ 1111661111 σύνοδος 317, ,11.

π19111513116111313, 8.

unctor 411, 17.

1811119111 185, 14.

11111311 ἡ 19111611111155, 17.

11116671131, 11.

πολλαχιλιοπλάσιον 361, 9.

1118111111 381, 14.

1191111161 413, 7. 18.

τοῦ 1191181111 113, 1.

πρὶν τῆς αἰχμαλωσίας 5, 11. 11,
11.67,1. 1191111133181664,
ιο. 119311 ἢ τοῦ εἰπεῖν 115, 5.

19111111 416, 6.

π9οικοσύμφωνα 131, 8.

προμαθηιεύεσθω 111, 8.

1191717θεὺ1 116 στόλου 416, 1. 9.
11.

119117111311116111 411,16.

προσκύνημα 317, 8.

προσφάγιον 411, 17.

1197111511αέ161 μέγας 116 παιατίοα
1, 1 .

11911111911391111116, 16. 111, 3.

. 113, 6.

11191631111175, 16.

41σοφορέσαι 431, 9.

1471111131, 15.

σαὶός 85, 7.

1181111111 ἰ. 17.1118αίνουσια411,5.

σιτάριον 411, 6.

σιῐόφθειρες 139, 8.

σκάλα 411, 14. 411. 1.

σκσλιατικόν 411, 18.

σκούφια 146,11.

6914711111 381, 4.

σουδαι 134, 11.

11119χοῦ1131 318, 9.

537

1111111119. 1161111111 411, 8.
119611 418, 15. 411, 11.
συάγρων 116, 1.

117171μρ941 118, 16.
συντροφαὶζειν 417, 7.
συντυχαίνειν419, 17. 411, 1711.
1911611611139, 17.

’σχολίτης 451, 11.

1114993111 ἵνα 117,7. 146, 3. 316,

16χα.119,5. 113, 11. 114,11.

· 145, 3. 17911. 147, 8. 38311.

3⁸71 ¹· ²²· 393, ²¹· 31419· 395,
1· 397, 8. 415, 11. ’

1467191 138, 11. 149, 21.

τζαχκράτορες 183, 13. 143, 8.

πζαοὺσιδες 181, 9.

τζοχ191114411, 18.

1191139111411. 17.

1913111911 (1. 111961α911) &1111st-
11111131, 14.

τριακοντάφυλλον 14911.

6891119111 35, 17.

6111116916 117, 4.

131116916111119, 18.

ὑπίσχεται 11, 19. ὖπόσχομαι
11 8.

61111391411811 51, 6.

6111414 111315, 11.

6171131441 119, 1618. 1591113113
79691α11118,11. 6911131311
1111111111 119, 6. ὑφειλιόν
χάρτην 119, 14.

16 171911 φέρει 119, 14.

φημιστοί 178, ¹·

19311941 146, 15.

1911111146, 15.

χαμουχάν 111, 3. 146,1ο. 13. 14.

χαρίζιιν 191, 7. 14. 395, 19. 397, 4.

χαρτοκομισταί 116, 3.

χὰσδιον 146, 11. 188, 6. 11. 315, 8.

Χ19911111141, 11.

χοιρᾰγρα 115, 22·

χοντρᾶ ξύλα 144, 11.

χρασοζωγράφιστος 133, 17.

χ911116111111146, 11.

χ911111111έλα11183, ιο.

1611116151 119, 4.

m

 

