INDEX GRAMMATICUS.

”tm-

Ad 8111131133.

’Ᾰ793131111433 19 31. ἦ 13311113 3331111χ1191384ς 198,
(8313111313 4111. 9· 4113, 5. · ¹5· 1991. 11811331313,1.
:Mira 91, 9. 136, 4. 159, 9. 39331333313317, 18. 4113117-
Λ13933138, 14. 91, 9. σας 336, 33.

ἀκολουθία 4131 8113713313713713 6171131111311431, 33.

138, 3. 145, 3. βραχεολὸγως 397, 31.

15116711 433, 31. βραχημερία 334, 3.
319333113311131 131, 1. 14181131 153, 4.

1113833131 6198347161 9, 3. 7111111771111111151167 433, 11.
ἄλυσος 338, 9. 714161 433, 7.

311833135931. 59,11. 7131417113 183, 13.
ἀ11811111’“·”’*·”“”’· 3μῖρῖ13ῗέ841. ..

3131151 ..1, 939114, 13. 4151151111 422, 131
3111671733433, 19. 733311313ς431, 13.

11ν111μ3 419, 3. 9. γραμματοκομιστὴς 113, 13. 315,
ἀντιλέγεσθαι i. q. 7137138111 36, 31.

31. 383, 34. 7313338113ς393, 33.
3111133131433, 3. δαιμονήτης 395, 17.
81131113κεὶ1τοῦ 11111311 138,17. 6133313131 335, 5. 335, 14. 31.
8113316331 137, 19. 146, 5. 197,17. 3133313133 154, 19.

317, 8. 3933313331 181, 17. 8191161333 431, 5. 433, 14· 4031

3333384331 138,5. 151,8. 187, 19.

4.196,13. 197,18. 313,31. 1111171814. 81611331,18.33.

315, 33. 338, 9. 346,19. 367, 5. 316,33.

447396433911311 159, 8. 393, 4. 15.
39113111 33133117 81, 19. 131371113831431, 19.

W 111’.1.’·.11.1Γ·.“ξῑ 5:3553553'230233m ..1,
8. 13. 16. 17· 33. 433, 1Ι 3. 6. 83311314ς433, 16.
ι8913. , 1771711413 343, 14.
111 338111633313418,15.417,15. &aa 5422, 1. 433, 1. 16.
433, 18. 3133813161133131416, ‘dm' 417, 11. 14. 41811· 419114·
11. 43383113331313433,11. 15.431,13.
3111381161 334, 17. 395, 13. 1337193713713 333, 7.
3113141331136, 19 137, 4. lxma 335, 17.
1191193311 148, 7. 3113311113 341, 9. ⁸
βαρέως 118311 383, 3. 11113111 336, 16. 31 6313339313111
713933331113 133, 3. 11113113131 336, 16.

 

